23 
19 
32 
34 
113 
109 
81 
82 
34 
34 
44 
47 
84 
79 
139 
136 
65 
65 
58 
58 
110 
114 
77 
79 
66 
63 
80 
84 
31 
33 
32 
28 
31 
30 
30 
29 
29 
28 
28 
27 
27 
27 
27 
27 
27 
27 
26 
26 
79 
79 
73 
69 
56 
57 
77 
78 
85 
85 
17 
20 
22 
22 
22 
22 
22 
23 
23 
23 
24 
24 
25 
25 
26 
28 
28 
30 
31 
31 
33 
33 
35 
35 
36 
36 
36 
37 
37 
37 
37 
37 
32 
36 
36 
36 
36 
36 
36 
36 
36 
36 
36 
37 
37 
37 
37 
37 
37 
37 
37 
37 
37 
37 
37 
37 
36 
36 
36 
35 
35 
34 
34 
34 
34 
33 
32 
32 
31 
31 
30 
29 
29 
29 
28 
28 
27 
27 
27 
26 
26 
26 
26 
26 
26 
26 
26 
25 
25 
25 
27 
28 
26 
27 
83 
78 
18 
18 
18 
18 
18 
18 
20 
18 
18 
18 
19 
19 
20 
20 
64 
64 
112 
112 
25 
28 
31 
34 
33 
35 
35 
35 
34 
34 
34 
34 
36 
36 
36 
37 
38 
38 
38 
38 
38 
39 
40 
44 
126 
122 
46 
42 
43 
41 
42 
40 
40 
39 
34 
38 
37 
36 
35 
35 
35 
35 
36 
36 
35 
32 
32 
33 
33 
35 
36 
36 
33 
32 
33 
36 
41 
41 
33 
34 
65 
65 
134 
138 
27 
30 
28 
27 
27 
27 
53 
53 
26 
26 
26 
26 
26 
26 
26 
26 
26 
26 
26 
26 
26 
26 
26 
26 
25 
25 
25 
26 
26 
26 
26 
26 
26 
26 
24 
25 
25 
26 
26 
26 
26 
27 
27 
27 
27 
27 
27 
27 
27 
27 
27 
26 
27 
26 
26 
27 
26 
27 
27 
27 
27 
27 
27 
27 
27 
27 
27 
27 
28 
28 
28 
29 
28 
28 
30 
30 
30 
31 
32 
33 
33 
34 
35 
36 
38 
38 
40 
41 
42 
42 
42 
42 
42 
42 
42 
42 
42 
42 
42 
42 
42 
42 
40 
40 
39 
38 
38 
36 
36 
40 
113 
111 
36 
36 
29 
28 
111 
107 
62 
62 
27 
26 
29 
28 
54 
53 
25 
26 
28 
26 
26 
27 
26 
26 
26 
26 
26 
27 
27 
26 
26 
26 
26 
27 
25 
28 
26 
26 
53 
53 
78 
77 
26 
29 
69 
70 
20 
19 
59 
58 
19 
19 
58 
58 
77 
77 
59 
59 
22 
18 
20 
20 
20 
20 
104 
104 
87 
87 
21 
21 
23 
24 
25 
23 
23 
25 
23 
24 
27 
25 
26 
26 
27 
26 
27 
26 
27 
27 
77 
73 
80 
81 
26 
26 
26 
23 
25 
25 
25 
25 
25 
25 
25 
25 
25 
26 
27 
29 
29 
30 
17 
21 
93 
91 
24 
25 
98 
102 
139 
137 
25 
23 
138 
139 
37 
37 
23 
24 
23 
24 
25 
25 
25 
25 
26 
26 
26 
26 
27 
28 
28 
28 
29 
30 
30 
30 
31 
31 
32 
32 
32 
32 
32 
32 
33 
33 
33 
33 
33 
33 
33 
33 
33 
34 
34 
34 
34 
32 
69 
69 
69 
69 
34 
34 
34 
34 
34 
34 
33 
33 
33 
32 
32 
31 
31 
31 
30 
30 
30 
29 
29 
29 
31 
33 
58 
53 
20 
21 
43 
46 
54 
56 
25 
25 
25 
25 
26 
26 
27 
27 
28 
28 
29 
29 
29 
29 
30 
30 
30 
31 
31 
32 
32 
32 
33 
33 
33 
33 
33 
33 
33 
33 
111 
112 
31 
33 
22 
23 
23 
27 
24 
24 
55 
49 
81 
81 
18 
17 
119 
121 
63 
65 
64 
64 
22 
21 
122 
119 
41 
42 
32 
32 
29 
33 
33 
34 
34 
34 
34 
35 
35 
35 
35 
34 
34 
33 
33 
33 
32 
31 
31 
30 
29 
29 
28 
27 
26 
25 
25 
25 
24 
24 
24 
24 
24 
25 
26 
27 
51 
49 
115 
114 
140 
136 
46 
43 
107 
107 
29 
24 
138 
136 
24 
28 
28 
28 
57 
57 
57 
57 
57 
57 
28 
28 
29 
32 
34 
34 
58 
61 
29 
29 
27 
27 
26 
26 
26 
26 
27 
27 
27 
27 
26 
27 
27 
27 
28 
28 
29 
29 
30 
30 
30 
31 
32 
33 
33 
33 
34 
34 
35 
35 
36 
37 
37 
38 
39 
39 
40 
40 
40 
41 
41 
41 
41 
41 
42 
41 
41 
41 
41 
42 
41 
41 
41 
41 
41 
42 
41 
42 
44 
45 
43 
44 
44 
42 
42 
38 
42 
42 
41 
41 
41 
41 
41 
42 
42 
41 
42 
41 
41 
41 
41 
41 
41 
41 
41 
41 
40 
40 
39 
40 
39 
39 
39 
38 
38 
38 
38 
37 
36 
36 
36 
34 
35 
33 
33 
33 
35 
33 
31 
28 
21 
24 
22 
24 
20 
22 
22 
22 
22 
22 
22 
22 
22 
22 
22 
21 
22 
22 
22 
22 
23 
20 
19 
23 
64 
65 
65 
65 
69 
68 
53 
50 
30 
31 
26 
23 
54 
57 
141 
141 
28 
25 
45 
45 
132 
132 
118 
117 
89 
90 
22 
20 
21 
21 
21 
21 
21 
21 
21 
22 
22 
22 
128 
128 
81 
77 
56 
56 
22 
21 
85 
89 
110 
112 
126 
126 
123 
125 
20 
22 
22 
21 
21 
21 
21 
20 
20 
21 
25 
23 
24 
24 
24 
24 
24 
24 
24 
24 
27 
29 
44 
47 
102 
102 
69 
63 
61 
58 
57 
55 
62 
61 
125 
124 
33 
32 
19 
18 
18 
18 
19 
19 
19 
20 
20 
20 
20 
21 
21 
21 
22 
22 
22 
22 
24 
24 
24 
25 
26 
26 
27 
28 
28 
29 
30 
31 
31 
32 
32 
32 
32 
32 
33 
33 
33 
34 
34 
34 
35 
35 
71 
71 
36 
36 
36 
37 
37 
37 
37 
36 
37 
36 
36 
36 
37 
37 
37 
37 
37 
36 
37 
37 
36 
36 
36 
36 
35 
35 
34 
34 
33 
33 
32 
31 
31 
31 
30 
29 
29 
28 
27 
27 
26 
25 
25 
25 
25 
26 
27 
28 
134 
130 
73 
72 
61 
56 
118 
113 
61 
61 
77 
75 
28 
30 
30 
29 
34 
31 
34 
31 
30 
31 
32 
32 
32 
33 
33 
33 
34 
34 
34 
34 
34 
34 
34 
34 
34 
33 
33 
33 
32 
32 
32 
32 
31 
31 
31 
30 
30 
29 
28 
28 
27 
27 
28 
28 
27 
24 
56 
54 
118 
122 
21 
25 
121 
121 
27 
27 
56 
58 
56 
55 
20 
20 
69 
67 
25 
23 
27 
27 
26 
26 
26 
26 
26 
27 
28 
29 
33 
34 
69 
69 
56 
60 
35 
30 
19 
19 
35 
39 
23 
18 
51 
54 
21 
22 
22 
22 
23 
23 
23 
23 
23 
23 
23 
23 
23 
23 
23 
23 
23 
23 
23 
23 
23 
23 
23 
23 
23 
23 
23 
24 
25 
27 
60 
60 
46 
40 
24 
23 
34 
38 
98 
96 
80 
78 
18 
27 
57 
60 
32 
32 
32 
33 
33 
33 
32 
32 
32 
32 
31 
31 
31 
31 
30 
30 
31 
31 
32 
32 
33 
33 
33 
33 
33 
33 
30 
29 
28 
27 
26 
26 
26 
26 
26 
26 
26 
26 
26 
26 
26 
26 
26 
25 
25 
25 
25 
25 
25 
25 
25 
25 
25 
25 
26 
26 
26 
26 
26 
27 
27 
28 
28 
29 
29 
30 
31 
31 
32 
32 
33 
34 
34 
33 
34 
34 
34 
35 
35 
35 
36 
36 
37 
37 
38 
38 
39 
40 
41 
41 
115 
112 
21 
27 
25 
22 
68 
67 
31 
27 
27 
28 
105 
108 
35 
33 
42 
41 
32 
31 
65 
69 
97 
93 
101 
101 
78 
78 
96 
96 
56 
56 
64 
66 
28 
27 
27 
27 
27 
27 
27 
27 
27 
27 
53 
53 
27 
27 
26 
26 
26 
26 
26 
26 
26 
26 
26 
26 
26 
26 
26 
26 
26 
26 
26 
26 
26 
27 
27 
27 
27 
26 
26 
26 
29 
29 
28 
28 
115 
116 
30 
29 
99 
100 
135 
136 
102 
102 
95 
95 
56 
58 
47 
45 
62 
62 
46 
47 
36 
34 
52 
55 
28 
28 
136 
136 
84 
84 
31 
31 
56 
53 
55 
59 
55 
54 
47 
41 
35 
36 
53 
52 
33 
32 
33 
33 
33 
34 
34 
32 
32 
35 
140 
136 
32 
28 
34 
35 
142 
142 
34 
33 
25 
29 
97 
97 
25 
25 
28 
29 
112 
108 
28 
29 
28 
28 
67 
67 
67 
67 
64 
67 
63 
58 
34 
33 
28 
30 
35 
35 
109 
108 
38 
37 
143 
137 
78 
79 
44 
45 
69 
70 
47 
49 
34 
31 
40 
39 
18 
25 
113 
113 
31 
31 
57 
56 
53 
53 
29 
31 
77 
79 
71 
74 
127 
122 
70 
72 
18 
25 
61 
61 
33 
31 
129 
125 
25 
25 
26 
26 
26 
26 
27 
27 
26 
27 
53 
53 
26 
26 
26 
26 
26 
26 
26 
27 
28 
29 
28 
31 
26 
22 
29 
29 
25 
26 
81 
82 
136 
136 
108 
108 
53 
54 
27 
31 
28 
32 
34 
34 
34 
35 
35 
35 
36 
37 
37 
39 
39 
40 
40 
40 
40 
41 
40 
39 
39 
39 
39 
39 
39 
39 
38 
39 
38 
39 
39 
39 
43 
44 
41 
39 
41 
41 
75 
75 
78 
80 
98 
98 
20 
18 
59 
55 
123 
123 
55 
51 
75 
76 
35 
35 
30 
34 
35 
35 
32 
31 
32 
33 
33 
33 
34 
34 
34 
34 
34 
34 
34 
33 
33 
33 
32 
32 
31 
31 
30 
29 
28 
28 
27 
26 
26 
25 
25 
25 
25 
25 
25 
24 
25 
25 
25 
25 
51 
51 
26 
26 
26 
26 
26 
26 
53 
53 
26 
26 
79 
79 
53 
53 
27 
27 
27 
27 
27 
27 
28 
28 
29 
29 
30 
31 
32 
32 
33 
34 
36 
36 
38 
39 
39 
38 
38 
39 
75 
77 
67 
62 
19 
21 
24 
22 
21 
24 
51 
50 
76 
78 
77 
76 
130 
130 
128 
128 
28 
31 
30 
30 
31 
30 
30 
30 
30 
31 
31 
31 
31 
32 
32 
32 
33 
34 
35 
35 
35 
36 
36 
37 
37 
38 
39 
39 
39 
40 
40 
40 
40 
40 
39 
39 
40 
40 
40 
40 
40 
40 
39 
38 
38 
38 
37 
37 
37 
41 
34 
36 
36 
38 
78 
78 
123 
122 
56 
56 
28 
32 
113 
112 
31 
28 
64 
67 
80 
80 
128 
127 
111 
112 
85 
79 
83 
81 
47 
43 
29 
25 
58 
58 
66 
64 
22 
26 
49 
46 
54 
54 
39 
39 
76 
80 
34 
34 
142 
142 
116 
111 
126 
127 
113 
112 
139 
139 
44 
44 
96 
95 
23 
17 
25 
28 
134 
138 
86 
83 
66 
62 
122 
119 
118 
121 
65 
62 
121 
123 
92 
90 
24 
19 
22 
22 
22 
22 
22 
22 
22 
22 
22 
22 
22 
22 
22 
22 
22 
22 
22 
22 
22 
21 
22 
21 
21 
21 
22 
22 
30 
28 
22 
22 
22 
22 
22 
22 
29 
26 
53 
54 
81 
85 
90 
86 
137 
136 
26 
29 
30 
28 
28 
31 
32 
32 
32 
31 
31 
31 
31 
31 
30 
30 
29 
30 
30 
31 
33 
31 
64 
64 
113 
113 
69 
64 
135 
137 
35 
31 
45 
48 
87 
86 
26 
23 
134 
134 
71 
67 
117 
117 
84 
85 
26 
23 
27 
27 
27 
27 
26 
27 
27 
27 
28 
28 
28 
29 
32 
32 
34 
32 
35 
31 
32 
33 
32 
31 
33 
30 
28 
31 
29 
28 
28 
28 
28 
28 
29 
29 
29 
29 
30 
30 
30 
31 
31 
32 
32 
33 
34 
35 
36 
36 
37 
38 
38 
39 
39 
40 
39 
40 
39 
39 
38 
38 
40 
39 
39 
39 
39 
36 
36 
36 
35 
34 
73 
71 
80 
77 
67 
70 
95 
95 
130 
127 
56 
51 
41 
42 
64 
64 
