23 
19 
32 
34 
112 
110 
81 
82 
36 
34 
48 
48 
84 
80 
135 
136 
65 
63 
58 
58 
111 
114 
77 
79 
67 
63 
81 
84 
32 
34 
32 
29 
31 
30 
29 
29 
29 
28 
27 
27 
27 
27 
27 
27 
27 
27 
26 
26 
79 
79 
69 
65 
58 
61 
80 
78 
85 
85 
19 
21 
22 
22 
22 
22 
22 
23 
23 
23 
24 
24 
25 
26 
26 
28 
29 
30 
31 
31 
34 
33 
35 
34 
36 
36 
37 
37 
37 
37 
37 
37 
34 
36 
36 
36 
36 
36 
36 
36 
37 
37 
37 
37 
37 
37 
37 
37 
37 
37 
37 
37 
37 
37 
37 
37 
36 
36 
36 
35 
35 
34 
34 
34 
33 
33 
32 
32 
31 
31 
31 
29 
29 
29 
28 
28 
27 
27 
28 
26 
27 
26 
26 
26 
26 
26 
26 
25 
26 
25 
26 
29 
26 
25 
82 
86 
18 
18 
18 
18 
18 
18 
21 
18 
18 
24 
19 
19 
20 
21 
64 
64 
112 
112 
25 
28 
30 
33 
34 
35 
35 
35 
34 
34 
34 
34 
36 
36 
36 
37 
38 
38 
38 
38 
38 
38 
40 
44 
126 
121 
45 
43 
44 
42 
42 
41 
40 
40 
36 
38 
37 
36 
35 
35 
35 
35 
36 
36 
35 
33 
32 
34 
33 
35 
36 
34 
33 
32 
33 
35 
41 
41 
36 
34 
67 
65 
135 
138 
27 
27 
27 
27 
27 
27 
53 
53 
26 
26 
26 
26 
26 
26 
26 
26 
26 
26 
26 
26 
26 
26 
26 
25 
25 
25 
24 
25 
26 
26 
26 
26 
26 
25 
25 
24 
25 
26 
26 
27 
26 
27 
27 
27 
27 
27 
27 
27 
27 
27 
27 
26 
26 
27 
27 
26 
27 
27 
27 
27 
27 
27 
27 
27 
27 
27 
28 
27 
28 
28 
29 
29 
29 
28 
30 
30 
30 
31 
32 
33 
34 
34 
35 
36 
37 
38 
40 
40 
42 
42 
42 
42 
42 
42 
42 
42 
42 
42 
42 
42 
42 
42 
40 
40 
39 
39 
37 
37 
37 
36 
113 
111 
36 
36 
29 
28 
111 
107 
62 
62 
27 
26 
29 
27 
50 
53 
26 
26 
24 
26 
26 
27 
26 
26 
26 
26 
26 
26 
27 
28 
26 
26 
27 
27 
25 
28 
26 
26 
53 
53 
78 
76 
29 
28 
67 
70 
20 
19 
59 
57 
19 
19 
59 
58 
77 
79 
59 
59 
20 
19 
20 
20 
20 
20 
104 
108 
87 
85 
21 
21 
23 
23 
23 
25 
25 
26 
24 
25 
27 
25 
26 
26 
27 
27 
27 
26 
27 
27 
78 
73 
81 
76 
26 
26 
26 
23 
25 
25 
25 
25 
25 
25 
25 
25 
25 
26 
27 
30 
31 
30 
18 
21 
93 
91 
24 
25 
97 
101 
140 
139 
27 
23 
139 
139 
37 
41 
23 
27 
23 
24 
25 
25 
25 
25 
26 
26 
26 
26 
28 
28 
28 
28 
29 
30 
29 
30 
31 
31 
32 
32 
32 
32 
31 
33 
33 
33 
33 
33 
33 
33 
33 
33 
31 
34 
34 
34 
34 
32 
69 
69 
69 
69 
34 
34 
34 
31 
34 
34 
33 
33 
33 
32 
33 
31 
32 
31 
30 
30 
29 
29 
29 
29 
30 
33 
58 
54 
20 
21 
41 
37 
56 
57 
25 
25 
25 
25 
26 
26 
27 
27 
28 
29 
29 
29 
29 
29 
30 
30 
30 
30 
31 
32 
32 
32 
33 
33 
33 
33 
33 
33 
33 
33 
115 
113 
33 
33 
22 
23 
22 
18 
24 
24 
55 
51 
81 
81 
18 
19 
118 
115 
63 
60 
64 
64 
21 
21 
122 
119 
41 
43 
32 
28 
30 
34 
33 
34 
34 
34 
35 
35 
35 
35 
34 
35 
33 
33 
33 
33 
32 
32 
31 
31 
29 
29 
28 
27 
27 
25 
25 
25 
24 
24 
24 
24 
24 
25 
26 
27 
51 
49 
115 
119 
137 
132 
46 
43 
107 
107 
29 
24 
138 
136 
25 
28 
28 
28 
57 
57 
57 
57 
54 
57 
28 
28 
29 
32 
34 
34 
58 
60 
29 
29 
27 
27 
26 
26 
26 
27 
27 
27 
27 
27 
27 
27 
27 
27 
28 
28 
28 
30 
30 
30 
30 
31 
33 
33 
33 
33 
34 
34 
36 
35 
36 
37 
37 
39 
39 
39 
40 
40 
41 
41 
41 
41 
41 
41 
42 
41 
41 
41 
41 
41 
41 
41 
41 
41 
42 
41 
41 
42 
44 
45 
44 
44 
44 
42 
42 
40 
42 
42 
41 
41 
41 
41 
41 
41 
43 
41 
42 
41 
41 
41 
41 
41 
41 
41 
41 
41 
40 
40 
39 
40 
39 
40 
39 
38 
38 
38 
38 
38 
36 
36 
37 
34 
35 
33 
33 
33 
35 
33 
36 
38 
22 
23 
20 
25 
20 
22 
22 
22 
22 
22 
22 
22 
22 
22 
22 
22 
22 
22 
23 
22 
23 
20 
20 
25 
64 
65 
65 
65 
69 
73 
50 
53 
30 
31 
27 
26 
54 
57 
141 
141 
22 
19 
45 
45 
132 
132 
118 
113 
89 
91 
22 
21 
21 
21 
21 
21 
21 
21 
21 
22 
22 
22 
128 
128 
79 
79 
56 
60 
24 
20 
87 
89 
107 
103 
126 
130 
123 
120 
22 
22 
22 
21 
21 
21 
21 
21 
20 
20 
25 
23 
24 
24 
24 
24 
24 
24 
24 
24 
31 
29 
44 
42 
102 
102 
67 
63 
62 
59 
57 
54 
62 
62 
121 
124 
33 
33 
19 
18 
18 
18 
19 
19 
20 
20 
20 
20 
21 
21 
21 
21 
22 
22 
22 
23 
24 
24 
24 
26 
26 
26 
27 
27 
28 
30 
29 
31 
31 
32 
32 
32 
32 
32 
33 
33 
33 
34 
34 
34 
35 
35 
71 
72 
36 
36 
36 
37 
37 
37 
36 
36 
36 
36 
36 
36 
37 
36 
37 
37 
37 
36 
37 
37 
36 
36 
36 
36 
35 
35 
34 
34 
33 
33 
33 
32 
31 
31 
31 
29 
29 
28 
27 
27 
27 
25 
25 
25 
25 
26 
28 
28 
133 
130 
73 
72 
64 
62 
117 
113 
61 
61 
77 
76 
28 
30 
30 
29 
34 
31 
33 
32 
30 
31 
32 
32 
32 
33 
33 
33 
34 
34 
34 
34 
34 
34 
34 
34 
33 
33 
33 
32 
32 
32 
32 
32 
31 
32 
31 
30 
29 
29 
28 
28 
27 
27 
28 
28 
27 
27 
56 
56 
121 
123 
20 
25 
121 
121 
27 
27 
56 
58 
55 
58 
20 
20 
70 
67 
22 
24 
27 
27 
26 
26 
26 
26 
26 
27 
28 
29 
33 
34 
69 
65 
59 
61 
35 
35 
19 
21 
32 
35 
23 
26 
53 
56 
21 
22 
22 
22 
23 
23 
24 
23 
24 
23 
23 
23 
23 
23 
23 
23 
23 
23 
23 
23 
23 
23 
23 
23 
23 
23 
23 
24 
26 
26 
60 
60 
46 
42 
24 
24 
34 
38 
99 
95 
80 
78 
19 
27 
57 
56 
32 
32 
32 
33 
33 
33 
32 
32 
32 
31 
31 
31 
31 
31 
30 
30 
30 
31 
32 
32 
34 
33 
33 
33 
33 
31 
30 
29 
28 
27 
26 
26 
26 
26 
26 
27 
26 
26 
26 
26 
26 
26 
26 
26 
25 
25 
25 
25 
25 
25 
25 
25 
25 
25 
26 
26 
26 
26 
26 
27 
28 
28 
28 
29 
29 
30 
30 
31 
32 
32 
34 
33 
33 
33 
34 
34 
35 
35 
35 
35 
36 
36 
37 
37 
38 
38 
39 
41 
41 
41 
114 
112 
21 
19 
23 
23 
68 
68 
29 
27 
23 
26 
106 
108 
33 
33 
42 
41 
32 
31 
66 
62 
97 
94 
101 
101 
78 
78 
96 
99 
56 
52 
64 
66 
29 
27 
27 
27 
27 
27 
27 
27 
27 
27 
53 
56 
27 
27 
26 
26 
26 
26 
26 
29 
26 
26 
26 
26 
26 
26 
26 
26 
26 
26 
26 
26 
26 
29 
27 
29 
26 
22 
26 
26 
29 
29 
29 
28 
114 
109 
30 
29 
99 
100 
135 
135 
102 
102 
95 
95 
57 
58 
47 
45 
62 
62 
46 
47 
36 
34 
55 
56 
28 
28 
136 
136 
84 
84 
31 
31 
56 
53 
55 
59 
55 
54 
47 
46 
35 
31 
53 
52 
33 
32 
33 
33 
33 
33 
34 
32 
32 
32 
139 
136 
32 
34 
35 
35 
142 
142 
34 
33 
29 
29 
97 
97 
25 
25 
29 
33 
113 
113 
30 
29 
28 
28 
67 
71 
67 
67 
64 
63 
63 
63 
34 
33 
28 
31 
35 
35 
111 
108 
37 
39 
142 
137 
78 
79 
44 
45 
69 
70 
47 
49 
33 
31 
40 
38 
19 
25 
113 
113 
31 
31 
57 
56 
53 
53 
29 
31 
77 
72 
69 
72 
130 
126 
68 
69 
18 
25 
61 
61 
36 
33 
126 
128 
25 
25 
26 
26 
26 
26 
27 
27 
27 
27 
53 
53 
26 
26 
26 
26 
26 
26 
26 
27 
29 
28 
29 
25 
27 
22 
29 
29 
29 
31 
82 
82 
136 
136 
108 
108 
53 
54 
31 
29 
29 
33 
34 
34 
33 
35 
35 
35 
35 
36 
38 
39 
38 
40 
40 
40 
40 
41 
41 
39 
39 
39 
39 
39 
39 
39 
38 
39 
38 
39 
39 
39 
44 
43 
43 
39 
41 
37 
75 
75 
79 
79 
100 
98 
20 
18 
54 
52 
123 
123 
59 
59 
76 
76 
35 
35 
32 
32 
36 
35 
33 
31 
32 
33 
33 
33 
34 
34 
34 
34 
34 
34 
34 
33 
33 
33 
32 
32 
32 
31 
30 
29 
28 
28 
28 
27 
27 
26 
25 
25 
25 
25 
25 
24 
25 
25 
25 
25 
51 
54 
26 
26 
26 
26 
26 
27 
53 
53 
26 
26 
79 
79 
53 
53 
27 
27 
27 
27 
27 
27 
31 
28 
29 
29 
30 
30 
32 
32 
34 
35 
36 
36 
38 
39 
39 
38 
38 
39 
75 
77 
67 
63 
19 
21 
24 
21 
22 
25 
52 
49 
76 
78 
76 
76 
130 
130 
128 
128 
28 
32 
30 
30 
31 
30 
30 
30 
30 
31 
31 
31 
31 
32 
32 
32 
33 
34 
35 
35 
38 
36 
39 
37 
40 
38 
39 
39 
39 
40 
40 
40 
40 
40 
39 
39 
40 
40 
40 
40 
40 
40 
39 
36 
38 
38 
37 
37 
37 
38 
34 
37 
36 
37 
78 
76 
125 
122 
56 
58 
28 
32 
112 
112 
31 
28 
63 
67 
80 
80 
128 
127 
111 
106 
87 
88 
82 
81 
48 
51 
29 
25 
58 
58 
66 
64 
23 
26 
49 
46 
54 
54 
39 
39 
76 
80 
34 
34 
142 
142 
119 
116 
126 
127 
113 
112 
139 
139 
44 
44 
97 
95 
23 
19 
25 
20 
130 
133 
80 
84 
63 
62 
122 
119 
118 
121 
65 
62 
121 
123 
92 
88 
24 
20 
22 
22 
22 
22 
22 
22 
22 
22 
22 
22 
22 
22 
22 
22 
22 
21 
22 
22 
21 
21 
22 
21 
21 
21 
22 
22 
30 
29 
22 
22 
22 
22 
22 
22 
29 
26 
53 
55 
85 
88 
90 
87 
137 
136 
26 
21 
30 
28 
31 
31 
32 
32 
31 
31 
31 
31 
31 
31 
30 
30 
30 
30 
30 
31 
32 
31 
64 
64 
113 
117 
69 
65 
137 
140 
35 
31 
45 
48 
87 
83 
26 
26 
134 
134 
72 
68 
117 
115 
84 
80 
27 
23 
27 
27 
27 
27 
27 
27 
27 
27 
28 
28 
29 
29 
32 
34 
33 
32 
36 
31 
33 
33 
32 
32 
31 
33 
30 
28 
29 
28 
28 
28 
28 
28 
29 
29 
29 
29 
30 
30 
31 
28 
31 
32 
32 
33 
34 
35 
36 
36 
36 
35 
38 
39 
39 
37 
39 
43 
39 
39 
38 
38 
40 
39 
39 
39 
39 
36 
36 
36 
35 
38 
73 
72 
79 
81 
67 
70 
95 
95 
130 
134 
56 
55 
41 
42 
64 
66 
